Project assembly 17X17 
101 1 -10.69 -12 -10 11 u=1 IMP:N=1 $U235 cylinder
106 2 -1 -15 -10 11 12:10:-11 u=1 imp:n=1 $He gap
103 3 -6.506 -14 -10 11 15:10:-11 u=1 IMP:N=1 $cladding
105 4 -1 -19 20 -21 22 14:10:-11 u=1 imp:n=1 $water
104 4 -1 -19 20 -21 22 -10 11 lat=1 fill=1 u=2 IMP:N=1 $lattice
3 4 -1 11 -10 -27 28 -29 30 fill=2 imp:n=1 $area
1 0 10:-11:27:-28:29:-30 imp:n=0

10 PY 100
11 PY -100
17 PY 100.0324 $top Zi clad
18 PY -100.0324 $bottom Zi clad
12 CY .495 $UO2 cylinder
14 CY .519 $Ziroclay cladding
15 CY .505
19 PZ 0.5512
20 PZ -0.5512
21 PX 0.5512
22 PX -0.5512
27 PX 9.3704 $window surfaces
28 PX -9.3704
29 PZ 9.3704
30 PZ -9.3704

KCODE 10000 1.0 50 250
KSRC  0 0 0  1.1024 0 0  2.2048 0 2.2048  0 0 2.2048  -2.2048 0 0
     -2.2048 0 -2.2048  0 0 -2.2048  -2.2048 0 2.2048
      2.2048 0 -2.2048  1.1024 0 2.2048  -1.1024 0 2.2048
     -1.1024 0 -2.2048  1.1024 0 -2.2048  2.2048 0 -1.1024
     -2.2048 0 -1.1024  2.2048 0 1.1024  -2.2048 0 1.1024
     1.1024 0 0  1.1024 0 1.1024  0 0 1.1024
     -1.1024 0 0  -1.1024 0 -1.1024  0 0 -1.1024
     -1.1024 0 1.1024  1.1024 0 -1.1024
      3.3072 0 0  3.3072 0 3.3072  0 0 3.3072
     -3.3072 0 0  -3.3072 0 -3.3072  0 0 -3.3072
     -3.3072 0 3.3072  3.3072 0 -3.3072  1.1024 0 3.3072
     -1.1024 0 3.3072  -1.1024 0 -3.3072  1.1024 0 -3.3072
     3.3072 0 -1.1024  -3.3072 0 -1.1024  3.3072 0 1.1024
     -3.3072 0 1.1024  3.3072 0 2.2048  -3.3072 0 2.2048
     -3.3072 0 -2.2048  3.3072 0 -2.2048  2.2048 0 -3.3072
     -2.2048 0 -3.3072  2.2048 0 3.3072  -2.2048 0 2.70
     4.4096 0 0  4.4096 0 4.4096  0 0 4.4096
     -4.4096 0 0  -4.4096 0 -4.4096  0 0 -4.4096
     -4.4096 0 4.4096  4.4096 0 -4.4096  1.1024 0 4.4096
     -1.1024 0 4.4096  -1.1024 0 -4.4096  1.1024 0 -4.4096
     4.4096 0 -1.1024  -4.4096 0 -1.1024  4.4096 0 1.1024
     -4.4096 0 1.1024  4.4096 0 2.2048  -4.4096 0 2.2048
     -4.4096 0 -2.2048  4.4096 0 -2.2048  2.2048 0 -4.4096
     -2.2048 0 -4.4096  2.2048 0 4.4096  -2.2048 0 4.4096
      3.3072 0 4.4096  -3.3072 0 4.4096  -3.3072 0 -4.4096
      3.3072 0 -4.4096  4.4096 0 -3.3072  -4.4096 0 -3.3072
      4.4096 0 3.3072  -4.4096 0 3.3072
      5.512 0 0  5.512 0 5.512  0 0 5.512
      -5.512 0 0  -5.512 0 -5.512  0 0 -5.512
      -5.512 0 5.512  5.512 0 -5.512  1.1024 0 5.512
      -1.1024 0 5.512  -1.1024 0 -5.512  1.1024 0 -5.512
      5.512 0 -1.1024  -5.512 0 -1.1024  5.512 0 1.1024
      -5.512 0 1.1024  5.512 0 2.2048  -5.512 0 2.2048
      -5.512 0 -2.2048  5.512 0 -2.2048  2.2048 0 -5.512
      -2.2048 0 -5.512  2.2048 0 5.512  -2.2048 0 5.512
       3.3072 0 5.512  -3.3072 0 5.512  -3.3072 0 -5.512
       3.3072 0 -5.512  5.512 0 -3.3072  -5.512 0 -3.3072
       5.512 0 3.3072  -5.512 0 3.3072  4.4096 0 5.512
       -4.4096 0 5.512  -4.4096 0 -5.512  4.4096 0 -5.512
       5.512 0 -4.4096  -5.512 0 -4.4096  5.512 0 4.4096
       -5.512 0 4.4096
      -6.6144 0 6.6144  6.6144 0 -6.6144  1.1024 0 6.6144
      -1.1024 0 6.6144  -1.1024 0 -6.6144  1.1024 0 -6.6144
      6.6144 0 -1.1024  -6.6144 0 -1.1024  6.6144 0 1.1024
     -6.6144 0 1.1024  6.6144 0 2.2048  -6.6144 0 2.2048
     -6.6144 0 -2.2048  6.6144 0 -2.2048  2.2048 0 -6.6144
     -2.2048 0 -6.6144  2.2048 0 6.6144  -2.2048 0 6.6144
      3.3072 0 6.6144  -3.3072 0 6.6144  -3.3072 0 -6.6144
     3.3072 0 -6.6144  6.6144 0 -3.3072  -6.6144 0 -3.3072
     6.6144 0 3.3072  -6.6144 0 2.707  4.4096 0 6.6144
     -4.4096 0 6.6144  -4.4096 0 -6.6144  4.4096 0 -6.6144
     6.6144 0 -4.4096  -6.6144 0 -4.4096  6.6144 0 4.4096
     -6.6144 0 4.4096  6.6144 0 5.512  -6.6144 0 5.512
     -6.6144 0 -5.512  6.6144 0 -5.512  5.512 0 -6.6144
     -5.512 0 -6.6144  5.512 0 6.6144  -5.512 0 6.6144
     7.7168 0 0  7.7168 0 7.7168  0 0 7.7168 
     -7.7168 0 0  -7.7168 0 -7.7168  0 0 -7.7168
     -7.7168 0 7.7168  7.7168 0 -7.7168  1.1024 0 7.7168
     -1.1024 0 7.7168  -1.1024 0 -7.7168  1.1024 0 -7.7168
     7.7168 0 -1.1024  -7.7168 0 -1.1024  7.7168 0 1.1024
     -7.7168 0 1.1024  7.7168 0 2.2048  -7.7168 0 2.2048
     -7.7168 0 -2.2048  7.7168 0 -2.2048  2.2048 0 -7.7168
     -2.2048 0 -7.7168  2.2048 0 7.7168  -2.2048 0 7.7168
      3.3072 0 7.7168  -3.3072 0 7.7168  -3.3072 0 -7.7168
      3.3072 0 -7.7168  7.7168 0 -3.3072  -7.7168 0 -3.3072
      7.7168 0 3.3072  -7.7168 0 3.3072  4.4096 0 7.7168
     -4.4096 0 7.7168  -4.4096 0 -7.7168  4.4096 0 -7.7168
      7.7168 0 -4.4096  -7.7168 0 -4.4096  7.7168 0 4.4096
     -7.7168 0 4.4096  7.7168 0 5.512  -7.7168 0 5.512
     -7.7168 0 -5.512  7.7168 0 -5.512  5.512 0 -7.7168
     -5.512 0 -7.7168  5.512 0 7.7168  -5.512 0 7.7168
      7.7168 0 6.6144  -7.7168 0 6.6144  -7.7168 0 -6.6144
      7.7168 0 -6.6144  6.6144 0 -7.7168  -6.6144 0 -7.7168
      6.6144 0 7.7168  -6.6144 0 7.7168
      8.7292 0 0  8.7292 0 8.7292  0 0 8.7292
     -8.7292 0 0  -8.7292 0 -8.7292  0 0 -8.7292
     -8.7292 0 8.7292  8.7292 0 -8.7292  1.1024 0 8.7292
     -1.1024 0 8.7292  -1.1024 0 -8.7292  1.1024 0 -8.7292
     8.7292 0 -1.1024  -8.7292 0 -1.1024  8.7292 0 1.1024
     -8.7292 0 1.1024  8.7292 0 2.2048  -8.7292 0 2.2048
     -8.7292 0 -2.2048  8.7292 0 -2.2048  2.2048 0 -8.7292
     -2.2048 0 -8.7292  2.2048 0 8.7292  -2.2048 0 8.7292
     3.3072 0 8.7292  -3.3072 0 8.7292  -3.3072 0 -8.7292
     3.3072 0 -8.7292  8.7292 0 -3.3072  -8.7292 0 -3.3072
      8.7292 0 3.3072  -8.7292 0 3.3072  4.4096 0 8.7292
     -4.4096 0 8.7292  -4.4096 0 -8.7292  4.4096 0 -8.7292
     8.7292 0 -4.4096  -8.7292 0 -4.4096  8.7292 0 4.4096
     -8.7292 0 4.4096  8.7292 0 5.512  -8.7292 0 5.512
     -8.7292 0 -5.512  8.7292 0 -5.512  5.512 0 -8.7292
     -5.512 0 -8.7292  5.512 0 8.7292  -5.512 0 8.7292
     8.7292 0 6.6144  -8.7292 0 6.6144  -8.7292 0 -6.6144
     8.7292 0 -6.6144  6.6144 0 -8.7292  -6.6144 0 -8.7292
     6.6144 0 8.7292  -6.6144 0 8.7292  8.7292 0 7.7168
     -8.7292 0 7.7168  -8.7292 0 -7.7168  8.7292 0 -7.7168
     7.7168 0 -8.7292  -7.7168 0 -8.7292  7.7168 0 8.7292
     -7.7168 0 8.7292
M1   92235 -.81862763
     92238 -.04263237
     8016 -.1101096
     64000 -.0286304
M2   1001 1.0
M3   40000 1.0
M4   1001 -.111894
     8016 -.888106
Mt4  LWTR
